set-0501010101-13520167625;13520167643;13520167667;13520167678;13520167688
set-0501010102-13520167689;13520167615;13520167609;13520167611
set-0501010203-13520167625;13520167643;13520167667
set-0501010204-13520167678;13520167688;13520167689;13520167615;13520167609;13520167611
set-01010401-13520167625;13520167643;13520167667
set-01020306-13520167625;13520167643;13520167678;13520167688;13520167689
set-01030101-13520167615;13520167609;13520167611
set-030201-13520167667;13520167678;13520167688
set-030204-13520167689;13520167615;13520167609;13520167611
set-030207-13520167625;13520167643
set-030503-13520167667;13520167678;13520167688
set-030603-13520167689;13520167615;13520167609;13520167611